0 5
0 6
0 7
0 8
0 9
0 10
0 14
0 16
0 17
0 20
0 25
0 29
0 30
0 31
0 34
0 43
0 48
0 50
0 51
0 53
0 58
0 62
0 65
0 89
0 92
0 93
0 99
0 103
0 118
0 119
0 124
0 130
0 132
0 139
0 140
0 149
0 158
0 163
0 165
0 175
0 181
0 201
0 202
0 205
0 211
0 214
0 249
0 251
0 274
0 276
0 283
0 287
0 295
0 313
0 314
0 316
0 329
0 332
0 340
0 346
0 395
0 397
0 403
0 408
0 453
0 454
0 473
0 533
0 538
0 591
0 606
0 626
0 631
0 632
0 634
0 666
0 674
0 689
0 699
0 708
0 730
0 752
0 801
0 804
0 823
0 825
0 842
0 843
0 859
0 880
0 882
0 913
0 915
0 951
0 961
0 979
0 985
0 986
0 992
1 5
1 6
1 7
1 8
1 10
1 11
1 12
1 13
1 16
1 18
1 21
1 26
1 31
1 34
1 35
1 39
1 41
1 43
1 44
1 47
1 49
1 54
1 56
1 57
1 65
1 79
1 82
1 88
1 89
1 101
1 113
1 114
1 117
1 119
1 133
1 134
1 141
1 143
1 147
1 154
1 157
1 158
1 161
1 168
1 172
1 178
1 184
1 185
1 190
1 201
1 205
1 207
1 209
1 210
1 213
1 219
1 220
1 221
1 222
1 236
1 250
1 251
1 257
1 263
1 289
1 299
1 301
1 307
1 309
1 311
1 312
1 315
1 333
1 334
1 337
1 350
1 352
1 358
1 360
1 367
1 368
1 385
1 388
1 391
1 434
1 461
1 462
1 465
1 466
1 467
1 479
1 483
1 529
1 558
1 574
1 591
1 596
1 634
1 636
1 637
1 638
1 639
1 642
1 656
1 684
1 703
1 717
1 728
1 732
1 734
1 745
1 751
1 755
1 772
1 782
1 789
1 793
1 802
1 812
1 813
1 824
1 832
1 833
1 840
1 858
1 877
1 881
1 888
1 910
1 913
1 920
1 928
1 947
1 983
1 995
1 998
2 5
2 6
2 7
2 8
2 10
2 14
2 19
2 26
2 32
2 38
2 41
2 64
2 66
2 71
2 72
2 83
2 129
2 145
2 151
2 202
2 229
2 279
2 323
2 334
2 342
2 355
2 402
2 409
2 413
2 440
2 464
2 503
2 522
2 559
2 679
2 694
2 697
2 700
2 766
2 773
2 790
2 885
3 5
3 9
3 11
3 13
3 15
3 21
3 27
3 74
3 93
3 105
3 154
3 258
3 381
3 429
3 436
3 470
3 521
3 555
3 560
3 591
3 672
3 706
3 800
3 830
3 841
3 936
3 959
4 5
4 6
4 14
4 16
4 19
4 23
4 40
4 43
4 45
4 63
4 76
4 100
4 174
4 182
4 277
4 305
4 307
4 313
4 450
4 483
4 489
4 491
4 569
4 607
4 668
4 695
4 780
4 797
4 822
4 949
4 968
4 981
5 6
5 7
5 9
5 11
5 15
5 18
5 22
5 24
5 28
5 31
5 32
5 37
5 53
5 62
5 65
5 70
5 71
5 79
5 85
5 87
5 93
5 94
5 109
5 114
5 118
5 121
5 133
5 152
5 157
5 165
5 172
5 177
5 182
5 189
5 192
5 196
5 201
5 208
5 217
5 227
5 255
5 259
5 261
5 264
5 272
5 275
5 291
5 318
5 321
5 334
5 338
5 343
5 350
5 357
5 361
5 366
5 371
5 378
5 380
5 382
5 391
5 405
5 410
5 444
5 471
5 476
5 488
5 496
5 503
5 546
5 547
5 557
5 558
5 634
5 664
5 695
5 700
5 708
5 709
5 727
5 728
5 740
5 741
5 744
5 749
5 806
5 823
5 840
5 873
5 907
5 917
5 926
5 954
5 963
5 975
5 978
5 987
5 995
5 997
6 7
6 8
6 9
6 11
6 12
6 15
6 16
6 17
6 18
6 19
6 21
6 23
6 27
6 28
6 30
6 33
6 34
6 37
6 38
6 41
6 44
6 47
6 49
6 50
6 52
6 54
6 56
6 57
6 60
6 64
6 72
6 77
6 81
6 86
6 87
6 88
6 92
6 96
6 105
6 108
6 128
6 130
6 131
6 134
6 135
6 136
6 137
6 139
6 152
6 155
6 157
6 167
6 170
6 171
6 175
6 180
6 182
6 188
6 189
6 196
6 228
6 236
6 248
6 270
6 273
6 279
6 280
6 290
6 294
6 295
6 328
6 344
6 348
6 359
6 362
6 370
6 373
6 375
6 382
6 401
6 403
6 416
6 422
6 423
6 434
6 441
6 456
6 468
6 470
6 473
6 477
6 482
6 484
6 488
6 490
6 499
6 505
6 512
6 513
6 520
6 525
6 527
6 540
6 544
6 548
6 551
6 562
6 566
6 567
6 581
6 585
6 600
6 620
6 627
6 655
6 679
6 686
6 691
6 694
6 698
6 714
6 718
6 745
6 757
6 761
6 791
6 796
6 800
6 829
6 831
6 840
6 862
6 864
6 865
6 885
6 893
6 894
6 903
6 924
6 927
6 932
6 946
6 948
6 953
6 965
6 971
6 985
6 990
6 991
6 994
7 8
7 9
7 10
7 12
7 14
7 15
7 17
7 24
7 33
7 34
7 42
7 43
7 50
7 65
7 66
7 68
7 69
7 71
7 78
7 80
7 83
7 86
7 95
7 100
7 106
7 131
7 138
7 139
7 170
7 173
7 176
7 198
7 209
7 233
7 236
7 277
7 327
7 336
7 386
7 389
7 396
7 408
7 426
7 490
7 504
7 552
7 588
7 592
7 636
7 641
7 681
7 685
7 713
7 758
7 835
7 837
7 864
7 886
7 956
7 993
8 15
8 16
8 46
8 67
8 74
8 78
8 140
8 153
8 158
8 167
8 183
8 186
8 188
8 216
8 237
8 246
8 257
8 260
8 271
8 273
8 294
8 321
8 339
8 404
8 412
8 443
8 449
8 466
8 484
8 499
8 517
8 540
8 606
8 629
8 638
8 776
8 790
8 799
8 808
8 831
8 841
8 843
8 849
8 891
8 905
8 912
8 926
8 954
9 10
9 12
9 13
9 17
9 19
9 23
9 26
9 30
9 32
9 33
9 44
9 51
9 55
9 57
9 62
9 82
9 88
9 98
9 101
9 121
9 136
9 140
9 141
9 146
9 151
9 153
9 156
9 159
9 169
9 237
9 246
9 256
9 267
9 274
9 289
9 299
9 312
9 347
9 359
9 368
9 391
9 408
9 413
9 446
9 498
9 513
9 518
9 522
9 528
9 545
9 553
9 556
9 569
9 581
9 586
9 593
9 601
9 603
9 635
9 663
9 666
9 706
9 738
9 741
9 776
9 808
9 812
9 837
9 839
9 847
9 851
9 864
9 869
9 889
9 894
9 903
9 910
9 911
9 930
9 947
10 11
10 12
10 13
10 14
10 20
10 21
10 22
10 25
10 29
10 31
10 41
10 44
10 45
10 49
10 54
10 64
10 70
10 73
10 84
10 85
10 94
10 101
10 108
10 113
10 115
10 118
10 136
10 150
10 168
10 173
10 176
10 181
10 190
10 191
10 206
10 211
10 216
10 223
10 227
10 231
10 232
10 233
10 266
10 269
10 278
10 280
10 281
10 285
10 293
10 300
10 334
10 342
10 346
10 358
10 388
10 396
10 402
10 409
10 427
10 428
10 435
10 452
10 456
10 459
10 475
10 477
10 502
10 512
10 515
10 517
10 523
10 563
10 591
10 601
10 602
10 604
10 649
10 665
10 673
10 676
10 696
10 706
10 715
10 723
10 724
10 768
10 784
10 786
10 815
10 817
10 861
10 873
10 903
10 962
10 967
10 982
10 990
11 17
11 23
11 30
11 35
11 39
11 85
11 120
11 179
11 215
11 241
11 320
11 329
11 406
11 411
11 414
11 438
11 443
11 545
11 597
11 663
11 767
11 845
11 865
12 13
12 21
12 22
12 36
12 38
12 61
12 81
12 104
12 142
12 154
12 241
12 267
12 501
12 535
12 576
12 614
12 622
12 697
12 743
12 801
12 872
13 18
13 26
13 27
13 37
13 48
13 50
13 56
13 69
13 70
13 78
13 80
13 106
13 133
13 135
13 154
13 172
13 186
13 196
13 223
13 235
13 239
13 246
13 250
13 258
13 267
13 288
13 319
13 322
13 326
13 340
13 370
13 387
13 388
13 392
13 408
13 442
13 461
13 469
13 577
13 578
13 603
13 640
13 644
13 691
13 701
13 715
13 726
13 763
13 791
13 826
13 837
13 842
13 850
13 887
13 912
13 956
13 976
13 979
13 994
14 19
14 20
14 24
14 27
14 28
14 29
14 33
14 45
14 64
14 70
14 75
14 76
14 77
14 91
14 92
14 96
14 99
14 100
14 111
14 117
14 120
14 123
14 164
14 171
14 193
14 194
14 201
14 212
14 232
14 238
14 250
14 260
14 265
14 305
14 344
14 360
14 393
14 463
14 471
14 573
14 592
14 612
14 615
14 743
14 803
14 809
14 902
14 933
14 962
15 22
15 24
15 37
15 46
15 54
15 59
15 63
15 66
15 67
15 98
15 99
15 101
15 113
15 122
15 126
15 152
15 159
15 165
15 173
15 184
15 187
15 224
15 225
15 231
15 261
15 268
15 282
15 326
15 378
15 390
15 405
15 417
15 426
15 436
15 446
15 451
15 463
15 464
15 492
15 498
15 530
15 543
15 546
15 553
15 567
15 585
15 599
15 616
15 664
15 683
15 705
15 737
15 741
15 750
15 779
15 796
15 824
15 863
15 868
15 888
15 900
15 963
15 965
15 984
15 987
16 18
16 25
16 26
16 32
16 35
16 37
16 39
16 42
16 47
16 52
16 55
16 59
16 72
16 79
16 92
16 113
16 149
16 235
16 254
16 277
16 306
16 313
16 316
16 444
16 492
16 563
16 577
16 582
16 644
16 645
16 718
16 719
16 731
16 733
16 738
16 761
16 802
16 815
16 898
16 910
16 974
17 20
17 22
17 39
17 40
17 42
17 46
17 60
17 62
17 63
17 72
17 104
17 112
17 114
17 119
17 139
17 140
17 146
17 155
17 169
17 177
17 186
17 192
17 203
17 272
17 331
17 363
17 367
17 391
17 407
17 451
17 457
17 480
17 544
17 596
17 600
17 610
17 636
17 686
17 697
17 707
17 752
17 871
17 876
17 995
18 25
18 29
18 32
18 38
18 40
18 55
18 71
18 111
18 120
18 148
18 164
18 201
18 218
18 233
18 247
18 266
18 273
18 284
18 293
18 295
18 305
18 323
18 355
18 371
18 373
18 381
18 389
18 409
18 442
18 467
18 479
18 520
18 538
18 654
18 681
18 808
18 823
18 864
18 904
18 924
18 960
19 20
19 23
19 25
19 28
19 35
19 51
19 66
19 74
19 96
19 125
19 178
19 219
19 220
19 223
19 231
19 255
19 272
19 301
19 309
19 345
19 425
19 430
19 439
19 486
19 511
19 676
19 758
19 775
19 779
19 819
19 838
19 879
19 900
19 901
19 918
19 977
20 24
20 28
20 29
20 36
20 58
20 68
20 94
20 95
20 222
20 255
20 347
20 401
20 418
20 580
20 621
20 745
21 36
21 49
21 51
21 63
21 143
21 144
21 207
21 304
21 403
21 583
21 840
22 46
22 52
22 79
22 81
22 89
22 90
22 94
22 102
22 106
22 109
22 140
22 146
22 173
22 181
22 183
22 184
22 198
22 199
22 200
22 238
22 275
22 333
22 393
22 400
22 414
22 433
22 454
22 481
22 603
22 623
22 628
22 644
22 670
22 685
22 763
22 765
22 861
22 899
22 944
22 960
22 961
23 30
23 35
23 40
23 42
23 54
23 80
23 84
23 90
23 95
23 109
23 153
23 179
23 209
23 216
23 238
23 258
23 263
23 266
23 292
23 305
23 315
23 320
23 337
23 343
23 349
23 353
23 375
23 407
23 421
23 425
23 428
23 440
23 508
23 516
23 530
23 544
23 545
23 573
23 585
23 589
23 604
23 639
23 654
23 667
23 718
23 770
23 771
23 823
23 848
23 884
23 919
23 929
23 943
23 944
24 27
24 40
24 60
24 65
24 99
24 109
24 127
24 135
24 191
24 564
24 610
24 641
24 766
24 950
25 43
25 57
25 67
25 73
25 83
25 88
25 123
25 133
25 151
25 155
25 157
25 160
25 180
25 185
25 204
25 218
25 232
25 257
25 290
25 308
25 341
25 353
25 355
25 376
25 395
25 453
25 456
25 477
25 487
25 543
25 606
25 653
25 657
25 683
25 813
25 882
25 913
25 939
26 34
26 60
26 89
26 91
26 106
26 108
26 119
26 193
26 203
26 227
26 230
26 261
26 269
26 302
26 312
26 327
26 346
26 360
26 363
26 387
26 398
26 403
26 425
26 453
26 462
26 497
26 513
26 530
26 690
26 747
26 751
26 823
26 837
26 973
27 51
27 66
27 107
27 141
27 194
27 199
27 412
27 455
27 487
27 565
27 615
27 658
27 783
27 819
27 957
27 978
28 31
28 33
28 48
28 56
28 61
28 68
28 87
28 97
28 110
28 126
28 145
28 163
28 188
28 210
28 236
28 243
28 291
28 394
28 449
28 457
28 513
28 555
28 631
28 719
28 754
28 766
28 787
28 803
28 958
28 999
29 36
29 39
29 46
29 48
29 55
29 60
29 62
29 110
29 128
29 180
29 199
29 535
29 677
29 739
29 746
29 825
29 860
29 923
29 949
29 970
30 44
30 53
30 73
30 75
30 78
30 84
30 136
30 158
30 159
30 189
30 197
30 211
30 361
30 417
30 435
30 470
30 489
30 519
30 667
30 690
30 776
30 781
31 69
31 72
31 96
31 109
31 122
31 130
31 145
31 168
31 215
31 229
31 230
31 254
31 258
31 267
31 299
31 362
31 447
31 597
31 619
31 787
31 829
31 833
31 920
32 45
32 58
32 68
32 73
32 100
32 205
32 215
32 254
32 308
32 427
32 451
32 582
32 624
32 669
32 764
32 922
33 36
33 67
33 75
33 84
33 111
33 114
33 116
33 127
33 141
33 150
33 156
33 165
33 321
33 351
33 357
33 382
33 421
33 472
33 474
33 486
33 526
33 554
33 572
33 622
33 631
33 694
33 881
33 924
33 929
33 942
34 93
34 94
34 191
34 256
34 275
34 325
34 445
34 488
34 701
34 717
34 754
34 925
34 960
34 978
35 38
35 47
35 49
35 89
35 123
35 147
35 203
35 285
35 302
35 305
35 338
35 354
35 375
35 395
35 464
35 482
35 551
35 594
35 680
35 718
35 890
35 916
35 958
36 48
36 57
36 97
36 105
36 132
36 239
36 252
36 320
36 326
36 452
36 769
36 783
36 804
36 909
36 996
37 42
37 56
37 59
37 61
37 75
37 132
37 155
37 166
37 221
37 245
37 255
37 278
37 381
37 400
37 495
37 523
37 551
37 583
37 672
37 703
37 719
37 878
38 103
38 108
38 125
38 135
38 163
38 234
38 256
38 260
38 263
38 270
38 318
38 352
38 374
38 470
38 534
38 559
38 608
38 618
38 695
38 747
38 820
38 855
38 857
38 880
38 909
38 990
39 50
39 61
39 69
39 81
39 90
39 131
39 148
39 154
39 281
39 299
39 345
39 404
39 471
39 524
39 584
39 622
39 793
39 838
39 850
39 855
40 41
40 52
40 53
40 63
40 125
40 132
40 143
40 149
40 163
40 210
40 220
40 225
40 271
40 275
40 283
40 315
40 352
40 362
40 364
40 397
40 398
40 460
40 494
40 555
40 562
40 576
40 590
40 592
40 622
40 700
40 730
40 894
40 946
40 987
40 993
41 47
41 59
41 112
41 208
41 325
41 359
41 389
41 457
41 774
41 808
42 45
42 74
42 75
42 90
42 134
42 148
42 149
42 268
42 291
42 297
42 351
42 430
42 447
42 503
42 521
42 582
42 598
42 693
42 744
42 810
42 915
42 978
43 146
43 147
43 240
43 245
43 340
43 445
43 529
43 531
43 550
43 815
43 818
44 52
44 55
44 83
44 96
44 98
44 129
44 160
44 203
44 213
44 234
44 270
44 334
44 393
44 409
44 433
44 452
44 635
44 652
44 775
44 807
44 815
44 945
45 64
45 71
45 85
45 107
45 150
45 197
45 233
45 255
45 292
45 358
45 384
45 472
45 533
45 542
45 620
45 689
45 692
45 794
45 951
45 983
46 87
46 91
46 103
46 118
46 187
46 217
46 280
46 402
46 416
46 434
46 460
46 504
46 657
46 749
47 61
47 67
47 111
47 131
47 134
47 159
47 174
47 179
47 187
47 254
47 262
47 339
47 398
47 418
47 436
47 466
47 519
47 525
47 726
47 737
47 810
48 59
48 101
48 147
48 162
48 170
48 205
48 312
48 377
48 397
48 398
48 415
48 572
48 591
48 635
48 667
48 720
48 799
48 925
48 970
49 81
49 92
49 123
49 152
49 164
49 167
49 232
49 468
49 481
49 648
49 684
49 699
49 703
49 816
50 53
50 68
50 77
50 79
50 91
50 121
50 169
50 207
50 253
50 296
50 303
50 323
50 420
50 481
50 700
50 762
50 829
51 69
51 74
51 84
51 114
51 117
51 127
51 129
51 156
51 175
51 225
51 252
51 294
51 323
51 458
51 598
51 670
51 713
51 731
51 742
51 754
51 755
51 900
51 915
51 935
52 90
52 115
52 153
52 164
52 217
52 262
52 317
52 324
52 361
52 363
52 373
52 385
52 396
52 401
52 577
52 582
52 678
52 729
52 731
52 805
52 852
52 940
53 98
53 321
53 346
53 385
53 457
53 565
53 709
53 711
53 744
54 128
54 146
54 163
54 178
54 242
54 326
54 329
54 356
54 697
54 875
54 968
55 86
55 222
55 292
55 661
55 743
55 859
55 883
56 58
56 77
56 86
56 117
56 144
56 192
56 234
56 311
56 316
56 400
56 472
56 486
56 540
56 654
56 773
56 924
56 962
56 985
57 58
57 85
57 138
57 193
57 218
57 250
57 366
57 396
57 442
57 570
57 710
57 768
57 810
57 856
57 940
58 70
58 82
58 103
58 143
58 148
58 157
58 197
58 199
58 275
58 299
58 328
58 349
58 372
58 392
58 500
58 535
58 587
58 617
58 725
58 750
58 781
58 866
58 896
58 955
59 86
59 102
59 161
59 177
59 256
59 308
59 316
59 322
59 329
59 348
59 358
59 369
59 377
59 469
59 478
59 507
59 528
59 704
59 727
59 848
59 871
59 949
59 958
60 97
60 110
60 112
60 190
60 226
60 246
60 257
60 297
60 343
60 345
60 516
60 650
60 675
60 689
60 742
60 752
61 115
61 170
61 183
61 284
61 374
61 413
61 452
61 598
61 605
61 608
61 627
62 87
62 102
62 137
62 164
62 166
62 167
62 205
62 228
62 278
62 285
62 292
62 336
62 364
62 365
62 379
62 508
62 514
62 561
62 604
62 712
62 734
62 805
62 893
62 918
62 954
62 997
63 191
63 230
63 287
63 316
63 368
63 380
63 527
63 733
63 828
63 879
64 73
64 76
64 78
64 119
64 181
64 215
64 229
64 245
64 285
64 438
64 570
64 629
64 705
64 820
64 827
64 884
64 967
65 76
65 104
65 107
65 272
65 297
65 314
65 333
65 573
65 574
65 615
65 722
66 98
66 102
66 126
66 160
66 202
66 208
66 213
66 271
66 335
66 473
66 482
66 501
66 546
66 596
66 627
66 636
66 641
66 738
66 756
66 768
66 867
66 973
67 80
67 93
67 95
67 99
67 151
67 188
67 218
67 220
67 259
67 266
67 298
67 309
67 317
67 376
67 383
67 410
67 419
67 494
67 504
67 532
67 537
67 582
67 627
67 637
67 693
67 726
67 742
67 944
67 956
68 95
68 115
68 121
68 142
68 284
68 294
68 298
68 490
68 503
68 622
68 921
69 76
69 360
69 491
69 683
70 467
70 692
70 736
70 897
71 77
71 82
71 331
71 365
71 491
71 973
71 981
72 80
72 130
72 220
72 328
72 347
72 366
72 377
72 440
72 465
72 498
72 514
72 922
72 952
73 116
73 142
73 144
73 155
73 156
73 162
73 200
73 222
73 286
73 351
73 371
73 437
73 486
73 509
73 537
73 563
73 570
73 581
73 670
73 929
73 932
73 945
73 957
74 162
74 227
74 247
74 282
74 284
74 736
74 838
74 954
75 82
75 102
75 103
75 104
75 118
75 134
75 185
75 213
75 235
75 241
75 259
75 419
75 660
75 724
75 947
76 142
76 143
76 160
76 224
76 330
76 557
76 588
76 593
76 728
76 985
77 167
77 190
77 245
77 268
77 286
77 353
77 544
77 616
77 649
78 91
78 104
78 107
78 162
78 383
78 458
78 784
78 824
78 890
78 916
78 936
79 83
79 97
79 105
79 269
79 331
79 338
79 340
79 384
79 399
79 411
79 430
79 623
79 628
79 664
79 696
79 927
79 929
79 967
80 122
80 124
80 125
80 126
80 171
80 225
80 269
80 306
80 370
80 418
80 419
80 459
80 514
80 543
80 578
80 640
80 657
80 659
80 686
80 822
80 971
80 976
80 979
81 237
81 937
82 116
82 125
82 126
82 129
82 141
82 181
82 204
82 262
82 318
82 330
82 372
82 533
82 574
82 611
82 630
82 679
82 768
82 825
82 856
82 925
82 950
82 958
83 249
83 475
84 282
84 314
84 349
84 373
84 554
84 601
84 656
84 903
85 123
85 138
85 162
85 184
85 194
85 231
85 244
85 287
85 344
85 572
85 626
85 696
86 88
86 129
86 221
86 258
86 327
86 369
86 379
86 392
86 474
86 500
86 549
86 572
86 732
86 966
87 494
87 654
87 916
88 195
88 238
88 300
88 362
88 437
88 458
88 488
88 524
88 583
88 608
88 643
88 665
88 677
88 705
88 735
88 750
88 789
89 110
89 445
90 107
90 196
90 365
90 449
90 703
90 707
91 97
91 150
91 156
91 169
91 190
91 250
91 293
91 432
91 442
91 484
91 497
91 532
91 609
91 630
91 682
91 759
91 776
91 800
91 830
91 832
92 113
92 135
92 138
92 165
92 211
92 213
92 342
92 354
92 435
92 623
92 805
92 883
93 110
93 290
93 322
93 332
93 394
93 525
94 115
94 139
94 186
94 264
94 479
94 482
94 898
95 112
95 144
95 168
95 169
95 204
95 207
95 216
95 270
95 288
95 368
95 568
95 872
95 897
95 989
95 995
96 100
96 116
96 150
96 242
96 247
96 278
96 279
96 326
96 415
96 437
96 454
96 489
96 701
96 760
96 777
96 880
97 122
97 241
97 343
97 469
97 485
97 529
97 557
97 588
97 589
97 849
98 168
98 174
98 180
98 450
98 501
98 762
98 826
98 968
99 105
99 132
99 148
99 273
99 352
99 442
99 472
99 548
99 599
99 690
99 856
99 974
99 995
100 117
100 124
100 176
100 208
100 428
100 439
100 594
100 792
100 933
101 106
101 243
101 387
101 593
101 671
101 762
101 774
101 919
102 151
102 175
102 214
102 320
102 395
102 423
102 628
102 651
102 778
102 882
102 906
102 949
102 997
103 111
103 137
103 227
103 276
103 283
103 325
103 377
103 421
103 553
103 570
103 773
103 778
103 795
103 885
104 120
104 122
104 174
104 308
104 342
104 520
105 212
105 257
105 332
105 468
105 476
105 605
105 712
105 809
105 877
106 112
106 274
106 820
107 108
107 145
107 179
107 188
107 222
107 240
107 447
107 601
107 608
107 826
107 915
107 953
108 127
108 183
108 185
108 243
108 371
108 448
108 477
108 490
108 596
108 611
108 629
108 656
108 659
108 936
109 166
109 196
109 209
109 283
109 304
109 358
109 380
109 575
109 635
109 651
110 120
110 121
110 124
110 137
110 177
110 261
110 493
110 557
110 901
111 170
111 197
111 249
111 497
111 701
111 712
112 147
112 187
112 208
112 350
112 505
112 633
112 809
112 930
113 137
113 153
113 206
113 237
113 297
113 345
113 354
113 386
113 483
113 642
113 727
113 729
113 855
113 908
114 128
114 176
114 195
114 212
114 393
114 423
114 606
114 666
114 779
115 116
115 130
115 172
115 288
115 301
115 438
115 510
115 571
115 575
115 620
115 699
115 946
116 131
116 138
116 152
116 166
116 197
116 204
116 206
116 247
116 256
116 279
116 296
116 307
116 339
116 367
116 381
116 431
116 499
116 526
116 548
116 551
116 570
116 613
116 636
116 748
116 769
116 805
116 839
116 844
116 896
116 905
116 965
116 981
117 128
117 191
117 232
117 430
117 577
117 597
117 719
117 833
117 902
118 206
118 219
118 251
118 319
118 322
118 360
118 361
118 427
118 510
118 518
118 523
118 531
118 662
118 687
118 708
118 725
118 749
118 851
118 907
118 951
119 124
119 450
119 547
119 555
119 581
119 593
119 870
120 244
120 341
120 379
120 392
120 586
121 127
121 438
121 579
121 618
122 173
122 226
122 265
122 389
122 516
122 818
122 869
122 899
123 469
124 166
124 223
124 471
124 657
124 666
125 263
125 465
125 578
125 894
126 176
126 357
126 486
126 524
126 580
126 832
127 207
127 212
127 281
127 344
127 495
127 646
127 771
128 186
128 189
128 350
128 418
128 493
128 534
128 601
128 625
128 695
128 794
129 136
129 215
129 226
129 251
129 302
129 321
129 324
129 329
129 511
129 536
129 753
129 796
129 817
129 866
129 946
130 160
130 194
130 880
131 174
131 259
131 374
131 412
131 723
131 846
131 955
131 996
132 133
132 175
132 202
132 210
132 224
132 236
132 290
132 364
132 439
132 466
132 499
132 521
132 529
132 564
132 578
132 662
132 682
132 744
132 811
132 839
132 904
132 909
132 941
132 984
133 144
133 161
133 179
133 187
133 226
133 335
133 380
133 403
133 417
133 429
133 449
133 496
133 512
133 515
133 528
133 558
133 586
133 643
133 650
133 681
133 711
133 861
133 921
134 240
134 260
134 300
134 372
134 462
135 159
135 242
135 571
135 778
135 964
136 177
136 375
136 422
136 433
137 145
137 180
137 318
137 375
137 435
137 474
137 476
137 500
137 540
137 616
137 685
137 718
137 978
138 243
138 268
138 336
138 400
138 421
138 532
138 908
139 224
139 369
139 617
139 665
139 794
139 801
139 815
139 863
140 161
140 178
140 194
140 214
140 246
140 249
140 262
140 368
140 411
140 448
140 474
140 600
140 777
140 807
140 935
140 938
140 998
141 142
141 171
141 178
141 333
141 369
141 410
141 541
141 558
141 698
141 774
141 898
141 996
142 202
142 239
142 295
142 310
142 322
142 341
142 353
142 398
142 404
142 418
142 474
142 512
142 513
142 531
142 537
142 541
142 550
142 604
142 669
142 670
142 684
142 793
142 819
142 923
143 149
143 193
143 223
143 254
143 281
143 311
143 317
143 379
143 594
143 727
143 782
144 198
144 315
144 536
144 551
145 203
145 234
145 282
145 284
145 400
145 424
145 450
145 470
145 637
145 807
146 233
146 324
146 367
146 426
146 511
146 660
146 697
146 738
146 917
147 171
147 195
147 228
147 252
147 265
147 301
147 434
147 492
147 587
147 695
147 735
147 874
148 185
148 626
148 714
149 193
149 200
149 209
149 210
149 244
149 262
149 264
149 267
149 301
149 335
149 337
149 345
149 370
149 401
149 402
149 456
149 488
149 525
149 567
149 579
149 630
149 639
149 725
149 733
149 790
149 843
149 987
150 605
150 658
150 662
150 690
150 713
150 716
150 928
150 977
150 985
151 158
151 182
151 253
151 302
151 325
151 366
151 506
151 507
151 776
151 891
152 195
152 198
152 376
152 438
152 444
152 653
152 786
152 830
152 845
152 896
152 980
153 239
153 688
154 161
154 216
154 253
154 264
154 339
154 364
154 478
154 652
154 771
154 907
154 999
155 198
155 278
155 325
155 660
156 192
156 248
156 303
156 419
156 445
156 645
156 737
156 936
157 219
157 228
157 381
157 420
157 454
157 526
157 590
157 640
157 653
157 798
158 182
158 206
158 226
158 265
158 300
158 307
158 335
158 357
158 377
158 411
158 637
158 705
159 341
159 629
160 211
160 240
161 374
161 609
162 217
162 244
162 307
162 363
162 469
162 505
162 571
162 755
162 771
162 774
162 777
162 834
162 844
162 902
163 199
163 291
163 495
163 756
163 972
164 270
164 271
164 448
164 751
164 911
164 936
164 938
164 955
165 264
165 830
166 214
166 309
166 459
167 217
167 229
167 348
167 544
167 800
167 828
168 247
168 269
168 303
168 332
168 378
168 947
169 252
169 485
169 610
169 647
169 682
169 806
170 172
170 184
170 241
170 286
170 303
170 352
170 461
170 505
170 617
170 720
170 725
170 864
170 965
170 976
171 204
171 280
171 688
171 765
171 855
172 392
172 504
172 561
172 878
172 999
173 240
173 251
173 637
173 675
173 730
174 212
174 306
174 413
174 708
174 977
175 183
175 189
175 372
175 533
175 552
175 625
175 986
176 263
176 310
176 314
176 388
176 698
176 876
177 330
177 339
178 192
178 195
178 200
178 304
178 338
178 447
178 541
178 670
178 708
178 711
178 735
178 785
178 838
178 930
178 970
179 287
179 333
179 756
180 242
180 253
180 330
180 355
180 356
180 378
180 426
180 432
180 446
180 519
180 546
180 564
180 598
180 647
180 655
180 895
180 925
181 407
181 422
181 466
181 688
181 712
181 857
182 286
182 320
182 522
182 535
182 550
182 793
182 838
183 309
183 363
183 383
183 541
183 835
184 200
184 218
184 575
185 221
185 248
185 291
185 298
185 314
185 414
185 446
185 517
185 549
185 694
185 696
185 904
186 315
186 425
186 460
186 495
186 511
186 553
186 844
186 851
186 882
186 983
187 432
187 458
187 507
187 587
187 648
188 261
188 455
188 584
188 726
189 221
189 313
189 332
189 419
189 496
189 520
189 566
189 783
189 788
190 225
190 379
190 423
190 509
190 548
190 677
190 755
190 790
190 865
190 917
191 252
191 296
191 390
191 463
191 480
191 537
191 733
191 795
191 878
191 997
192 229
192 242
192 347
192 481
192 552
192 735
192 909
193 259
193 354
193 448
193 669
193 702
193 740
193 757
193 933
194 279
194 561
194 610
194 618
194 666
194 846
194 982
195 617
196 952
196 971
197 273
197 300
197 335
197 397
197 575
197 639
197 688
197 825
197 973
198 432
198 572
198 711
198 836
198 950
198 980
199 235
199 452
199 646
199 730
200 406
200 871
200 966
201 260
201 365
201 476
201 500
201 501
201 509
201 531
201 542
201 597
201 692
201 719
201 759
201 767
201 801
201 862
201 998
202 302
202 374
202 536
202 592
202 678
202 817
202 930
203 224
203 350
203 422
203 555
203 605
203 736
203 768
204 412
204 711
204 860
204 928
205 464
205 724
205 959
206 228
206 245
206 390
206 468
206 510
206 612
206 638
206 668
206 673
206 764
206 889
207 219
207 340
207 435
207 506
207 536
207 841
207 907
208 308
208 536
208 595
208 645
208 693
208 804
209 317
210 286
210 331
210 406
210 409
210 416
210 497
210 514
210 588
210 649
210 943
211 214
211 249
211 497
211 567
211 851
211 900
212 353
212 562
212 595
212 797
212 827
213 327
213 386
213 405
213 641
213 853
214 230
214 523
214 585
214 623
214 664
214 693
214 874
214 883
215 376
215 391
215 620
215 621
215 836
215 849
215 855
216 295
216 661
217 230
217 235
217 424
217 462
217 725
217 892
218 239
218 647
218 722
218 757
219 231
219 268
219 289
219 330
219 362
219 406
219 412
219 472
219 659
219 781
219 784
219 870
219 885
219 941
219 988
220 285
220 439
220 752
221 265
221 293
221 492
221 509
221 991
222 304
222 365
222 593
223 298
223 479
223 518
223 717
223 737
223 820
224 671
224 677
224 927
225 478
226 237
226 292
226 480
226 517
226 607
226 731
226 797
226 831
226 869
226 895
226 930
227 373
227 411
227 495
227 796
228 238
228 244
228 283
228 303
228 449
228 514
228 517
228 519
228 569
228 715
228 720
228 785
228 788
228 969
228 975
229 234
229 274
229 287
229 387
229 416
229 489
229 532
229 689
229 834
229 919
230 253
230 465
230 481
230 511
230 730
230 763
231 561
231 600
231 632
231 926
232 563
232 633
233 378
233 487
233 489
233 624
233 663
233 671
233 895
234 640
234 688
234 702
234 857
235 324
236 569
236 584
237 750
238 311
238 356
238 383
238 467
238 560
238 704
238 739
238 749
238 988
239 248
239 384
239 655
239 704
239 710
239 911
239 987
239 989
240 440
240 475
241 243
241 277
241 281
241 351
241 420
241 445
241 461
241 501
241 542
241 739
241 970
242 296
242 306
242 348
242 359
242 393
242 407
242 427
242 550
242 569
242 646
242 647
242 860
243 290
243 328
243 986
243 996
244 349
245 266
245 288
245 455
245 634
245 788
245 804
245 850
245 939
245 940
246 493
246 741
246 812
247 248
247 394
247 463
247 510
247 618
247 835
248 310
248 835
249 565
249 626
249 890
250 306
250 455
252 612
253 271
253 289
253 293
253 417
253 565
253 581
253 611
253 619
253 678
253 760
253 844
254 274
254 298
254 319
254 460
254 535
254 547
254 605
254 643
254 734
254 786
254 920
254 941
254 965
255 280
255 282
255 612
255 879
256 272
256 485
257 294
257 351
257 667
257 767
257 979
258 447
258 568
258 599
258 614
258 795
258 866
259 288
259 359
259 388
259 568
259 571
259 790
261 338
261 426
261 440
261 545
261 550
261 584
261 630
261 857
261 888
261 891
262 349
262 436
262 751
263 443
263 491
263 559
263 717
263 915
264 296
264 331
264 344
264 348
264 367
264 448
264 493
264 662
264 959
265 276
265 310
265 342
265 584
266 528
266 874
267 289
267 507
267 556
267 873
268 380
268 721
268 837
269 494
269 543
269 964
270 602
270 728
270 813
272 277
272 483
273 276
273 319
273 463
273 566
273 603
273 706
273 803
273 857
274 276
274 613
274 772
275 312
275 417
275 612
275 685
275 691
275 746
275 947
276 704
276 787
277 441
277 444
277 477
277 633
277 847
278 446
278 487
278 816
278 828
278 942
278 956
279 406
279 429
279 507
279 812
279 914
280 529
280 834
280 968
281 754
282 328
282 341
282 405
282 422
282 660
282 911
282 937
282 950
283 509
285 791
286 336
286 415
286 427
286 969
287 385
287 459
287 656
287 720
287 760
287 763
287 782
288 337
288 487
288 702
288 854
289 356
289 432
289 521
289 607
290 522
290 602
290 680
290 732
290 811
290 926
291 420
291 431
291 894
292 832
293 297
293 304
293 337
293 454
293 560
293 611
293 646
293 720
293 742
293 925
293 975
294 502
294 813
295 319
295 476
295 763
295 875
295 999
296 343
296 387
296 814
296 883
297 336
297 361
297 382
297 441
297 527
297 886
298 549
298 997
299 414
299 451
299 455
299 527
299 789
300 431
301 356
301 399
301 415
301 679
301 765
301 786
301 831
301 843
302 567
302 849
303 323
303 347
303 425
303 485
303 625
303 662
303 676
303 974
304 404
304 430
304 624
305 317
305 661
305 682
305 856
306 346
306 506
306 757
306 889
306 893
307 431
307 443
307 527
307 753
307 948
307 982
308 310
308 311
308 313
308 318
308 692
308 796
309 327
309 453
309 473
310 364
310 428
310 664
310 674
310 810
311 602
311 615
311 655
311 897
311 914
311 934
312 436
312 560
312 960
313 366
313 371
313 372
313 769
313 976
314 399
314 644
314 740
314 798
314 989
315 354
315 556
315 602
315 630
315 785
315 969
316 423
316 621
316 716
316 775
317 404
317 433
317 475
317 479
317 491
319 324
320 357
320 416
320 669
320 699
320 905
321 385
321 389
321 390
321 399
321 484
321 530
321 614
321 626
321 632
321 732
321 788
321 828
321 902
322 415
322 460
322 609
322 774
322 860
323 498
324 434
324 745
325 407
325 429
325 490
325 638
326 414
326 420
326 437
326 635
326 789
326 859
326 944
326 945
326 949
327 382
327 663
327 937
328 496
328 707
328 854
329 376
329 384
329 483
329 821
330 390
330 614
330 705
330 803
330 892
330 920
331 443
333 439
333 932
333 950
334 437
334 665
334 771
335 394
335 522
335 531
335 575
335 973
336 530
336 983
337 413
337 461
337 867
338 395
338 523
338 539
338 859
339 464
340 516
341 802
341 886
341 918
342 604
343 538
343 552
343 991
344 355
344 972
345 496
345 690
345 760
345 921
346 565
346 585
346 648
346 739
346 842
346 854
347 499
347 629
348 401
348 814
348 980
349 370
349 424
349 564
350 549
350 608
350 842
350 922
351 586
351 661
351 792
351 895
352 652
352 840
353 613
353 928
354 833
355 369
355 383
355 537
355 590
355 620
355 831
356 753
356 781
356 884
356 964
357 399
357 562
357 642
357 663
357 747
357 834
357 869
358 396
358 478
358 506
359 589
360 502
360 872
360 952
362 431
362 573
362 874
364 386
364 451
364 480
364 580
364 589
364 592
364 631
364 681
364 709
364 748
364 775
364 817
364 822
364 872
365 552
365 559
365 617
365 687
365 764
366 462
366 655
367 791
368 660
368 783
369 473
369 675
369 940
370 410
370 520
370 866
370 884
370 948
371 515
371 639
371 674
372 386
372 539
372 564
373 441
373 782
374 764
374 872
374 956
374 957
375 698
376 981
377 685
378 444
378 453
378 498
378 573
378 606
378 642
378 684
378 833
379 424
379 478
379 644
379 759
380 586
380 633
380 886
382 394
382 402
382 456
382 504
382 598
382 659
383 384
383 405
383 441
383 651
383 728
383 809
383 889
383 906
383 996
384 510
384 668
384 991
385 587
385 988
386 421
386 518
387 703
387 807
388 428
389 518
389 735
389 761
389 853
389 935
390 646
390 647
390 694
390 800
390 821
390 991
391 465
391 589
391 595
391 992
392 397
392 502
394 429
394 780
395 538
395 826
395 870
396 410
396 578
396 946
397 548
397 696
397 867
398 580
399 506
399 521
399 554
399 566
399 784
399 852
399 889
399 907
399 944
399 999
400 482
400 562
400 568
400 587
400 638
400 764
401 780
401 892
401 945
401 966
402 553
402 579
402 627
402 867
403 408
403 480
403 515
403 634
403 822
404 561
404 937
405 607
405 734
406 961
407 424
407 519
408 541
408 657
408 658
408 686
408 927
409 807
410 485
410 743
410 884
410 937
411 595
411 625
411 654
411 721
411 953
412 450
412 590
412 814
413 458
413 559
413 756
413 825
413 887
413 895
414 515
414 583
414 658
414 827
416 508
416 691
417 993
418 542
418 574
418 931
419 542
419 668
420 433
420 459
420 583
420 614
420 939
421 524
422 607
423 560
423 868
424 524
424 747
424 935
424 953
426 846
426 868
427 628
427 789
427 893
428 554
429 603
429 870
430 933
431 811
431 943
432 540
432 799
432 808
433 549
433 785
434 758
434 822
435 668
435 875
436 494
436 853
436 875
437 993
438 467
438 505
438 597
438 667
438 834
438 885
438 906
439 492
440 546
440 817
440 848
441 512
441 787
441 891
442 471
442 475
442 648
442 780
442 786
442 858
442 878
442 998
443 811
443 940
443 972
444 484
444 493
444 611
444 752
445 770
447 534
447 879
447 943
447 966
448 468
448 736
448 772
448 798
448 818
449 543
449 609
449 672
449 875
450 600
450 700
450 755
450 938
452 457
452 503
453 532
453 533
455 621
455 652
455 821
455 849
455 958
455 975
456 933
457 534
457 818
457 905
457 998
458 500
458 502
459 539
459 632
459 707
459 897
460 675
460 994
461 556
462 665
462 871
463 528
463 729
464 748
464 813
464 939
465 769
465 873
465 882
465 960
466 713
466 714
466 870
467 563
467 852
469 783
469 809
470 558
470 672
470 698
470 904
470 963
471 566
471 722
471 846
472 777
473 539
475 687
475 756
475 770
478 594
478 769
479 799
479 914
481 526
482 710
483 539
483 649
483 806
484 516
484 699
484 770
485 642
485 650
485 912
485 992
486 508
486 554
486 594
486 661
486 866
486 977
487 599
487 779
488 508
489 579
490 645
490 724
490 898
491 526
491 557
491 653
491 669
491 676
492 545
492 812
493 692
493 782
496 729
496 865
497 619
498 588
498 724
498 803
499 852
500 556
500 723
503 525
503 676
503 881
504 858
505 576
506 675
506 916
506 988
507 714
508 652
508 715
508 847
509 568
509 656
509 871
510 687
510 905
511 625
511 704
512 805
513 892
514 650
514 721
514 847
515 641
515 701
515 816
515 835
515 896
515 974
516 596
516 824
517 547
517 729
517 761
518 743
519 538
519 615
519 982
520 576
520 580
520 680
520 851
520 984
521 571
521 680
521 868
522 953
523 547
525 534
526 674
526 779
529 976
531 590
531 748
531 878
532 645
532 806
533 760
534 706
534 948
534 961
534 984
535 709
536 610
536 929
537 577
538 623
539 899
541 899
542 579
542 846
544 740
544 777
544 876
544 899
545 609
547 717
547 738
547 770
547 922
548 616
548 649
548 860
549 787
550 678
552 673
552 733
552 753
552 853
552 886
553 841
554 795
554 964
557 854
557 963
557 969
559 683
559 845
559 848
561 920
565 574
566 576
566 679
566 691
566 746
566 917
567 616
569 819
570 671
570 710
570 788
570 901
572 619
572 722
573 677
573 680
573 745
573 772
576 624
577 613
577 734
577 759
577 919
578 650
578 742
579 689
579 715
579 731
579 759
579 975
580 659
581 618
582 709
582 816
583 595
584 599
585 943
586 877
589 939
590 781
590 847
591 888
591 918
592 643
593 651
594 624
595 687
595 918
596 964
597 643
597 934
597 938
599 765
599 891
601 741
601 747
601 792
602 746
602 804
603 862
603 896
604 631
604 739
604 780
604 802
604 829
604 962
605 628
605 876
606 754
606 850
606 990
607 613
607 621
607 648
607 775
610 651
610 712
610 727
612 913
613 678
613 828
613 836
614 707
615 716
615 829
616 619
616 744
617 710
617 874
618 819
622 632
622 748
627 721
627 967
628 758
628 938
629 721
629 881
631 671
631 784
631 941
632 633
632 765
632 811
632 984
633 758
634 640
634 761
634 816
636 681
638 673
639 684
639 844
639 887
639 954
640 702
640 935
640 972
641 952
643 673
643 686
644 653
644 749
644 802
645 702
646 714
646 750
646 861
647 751
647 921
648 821
650 785
650 827
650 845
652 658
652 723
652 757
652 792
652 906
653 723
653 797
655 859
656 672
656 798
656 942
659 968
663 693
663 791
665 799
666 683
666 858
668 778
669 674
669 746
669 766
670 934
671 854
672 798
674 753
674 778
675 926
675 992
676 773
676 969
678 682
678 716
678 766
678 814
679 923
680 961
681 740
683 931
683 934
685 962
685 989
686 843
687 909
688 713
688 842
688 989
689 737
689 876
690 762
690 932
691 836
691 898
694 922
698 931
699 983
701 795
702 716
702 762
702 865
703 801
706 952
707 794
707 990
708 923
709 879
709 914
710 726
710 839
712 963
714 836
715 824
716 945
718 722
718 977
720 863
721 767
721 914
723 736
723 806
723 818
724 732
724 793
731 863
731 867
732 994
733 820
733 848
733 863
733 908
734 951
736 794
739 773
740 881
741 797
743 908
746 772
749 982
751 767
752 826
753 934
754 921
755 852
756 916
757 856
757 893
757 974
761 890
765 845
766 912
767 792
767 868
767 980
769 917
774 814
774 971
778 986
779 810
779 877
780 928
782 873
782 959
782 970
783 988
784 897
785 832
785 839
786 830
787 986
790 955
791 993
793 841
793 967
794 887
795 924
801 913
804 827
808 869
810 821
814 900
816 862
821 890
823 862
823 877
823 980
825 858
829 942
832 850
832 887
835 951
838 971
839 861
846 880
848 853
849 981
853 923
854 932
858 942
863 883
866 888
867 903
868 931
872 908
875 910
877 892
877 910
883 919
884 902
884 948
886 901
888 911
893 901
894 906
895 957
899 966
900 957
901 979
903 904
904 927
908 912
910 931
914 959
916 941
916 955
937 994
958 972
959 992
