0 11
1 19
2 3
3 35
4 14
5 3
6 18
7 47
8 45
9 37
10 36
11 26
12 39
13 3
14 21
15 46
16 14
17 16
18 40
19 1
20 21
21 14
22 38
23 41
24 14
25 13
26 36
27 1
28 44
29 27
30 40
31 42
32 3
33 21
34 39
35 48
36 30
37 13
38 35
39 32
40 42
41 15
42 17
43 9
44 13
45 46
46 48
47 46
48 45
49 18
50 3
51 41
52 30
53 26
54 32
55 25
56 42
57 27
58 49
59 21
60 2
61 2
62 43
63 30
64 19
65 43
66 11
67 23
68 41
69 43
70 19
71 45
72 15
73 30
74 48
75 23
76 44
77 34
78 49
79 50
80 42
81 46
82 27
83 14
84 13
85 49
86 21
87 34
88 29
89 21
90 16
91 40
92 29
93 32
94 4
95 1
96 27
97 41
98 5
99 36
100 35
101 32
102 7
103 6
104 8
105 23
106 9
107 36
108 49
109 44
110 40
111 6
112 1
113 37
114 21
115 15
116 27
117 11
118 21
119 46
120 38
121 14
122 13
123 16
124 10
125 14
126 14
127 39
128 22
129 46
130 10
131 7
132 6
133 41
134 30
135 50
136 48
137 40
138 24
139 3
140 27
141 19
142 8
143 38
144 26
145 20
146 46
147 16
148 16
149 36
150 23
151 34
152 29
153 41
154 17
155 47
156 28
157 9
158 9
159 21
160 20
161 33
162 20
163 48
164 7
165 41
166 1
167 45
168 50
169 40
170 4
171 45
172 49
173 7
174 3
175 29
176 50
177 15
178 9
179 43
180 46
181 5
182 35
183 50
184 9
185 38
186 11
187 29
188 6
189 10
190 14
191 35
192 27
193 20
194 40
195 50
196 2
197 34
198 35
199 9
200 30
201 44
202 34
203 17
204 14
205 4
206 26
207 31
208 3
209 15
210 21
211 40
212 14
213 38
214 2
215 46
216 49
217 4
218 16
219 45
220 49
221 18
222 24
223 7
224 37
225 6
226 50
227 39
228 9
229 10
230 48
231 12
232 35
233 42
234 3
235 15
236 5
237 5
238 11
239 6
240 9
241 10
242 38
243 18
244 43
245 17
246 37
247 34
248 36
249 25
250 34
251 40
252 13
253 1
254 27
255 49
256 11
257 5
258 26
259 19
260 30
261 15
262 40
263 16
264 45
265 36
266 40
267 48
268 15
269 27
270 27
271 45
272 44
273 29
274 38
275 6
276 35
277 10
278 49
279 47
280 26
281 16
282 25
283 39
284 25
285 50
286 9
287 42
288 5
289 27
290 27
291 25
292 1
293 15
294 16
295 36
296 47
297 11
298 49
299 45
300 41
301 10
302 22
303 24
304 30
305 31
306 16
307 46
308 14
309 22
310 33
311 11
312 2
313 40
314 47
315 7
316 21
317 37
318 24
319 8
320 38
321 2
322 5
323 33
324 18
325 16
326 26
327 11
328 16
329 38
330 35
331 43
332 5
333 16
334 24
335 8
336 17
337 32
338 18
339 36
340 32
341 49
342 44
343 29
344 18
345 45
346 9
347 45
348 10
349 50
350 43
351 24
352 22
353 28
354 40
355 39
356 23
357 48
358 38
359 1
360 4
361 29
362 32
363 2
364 9
365 5
366 21
367 4
368 3
369 29
370 48
371 32
372 50
373 13
374 17
375 13
376 28
377 5
378 3
379 31
380 22
381 4
382 19
383 49
384 5
385 31
386 25
387 20
388 29
389 25
390 16
391 18
392 9
393 5
394 15
395 36
396 35
397 7
398 49
399 9
400 1
401 43
402 34
403 7
404 38
405 41
406 11
407 33
408 39
409 21
410 49
411 10
412 45
413 33
414 13
415 21
416 49
417 10
418 22
419 43
420 28
421 1
422 11
423 50
424 10
425 31
426 43
427 21
428 12
429 43
430 42
431 34
432 6
433 30
434 5
435 47
436 39
437 36
438 12
439 13
440 43
441 26
442 4
443 26
444 11
445 15
446 11
447 7
448 16
449 41
450 47
451 12
452 19
453 45
454 2
455 39
456 17
457 34
458 17
459 17
460 29
461 5
462 45
463 31
464 10
465 15
466 46
467 28
468 12
469 45
470 4
471 19
472 45
473 48
474 46
475 3
476 27
477 25
478 34
479 3
480 16
481 35
482 50
483 13
484 18
485 50
486 3
487 49
488 42
489 5
490 36
491 33
492 13
493 46
494 11
495 21
496 30
497 42
498 49
499 13
500 47
501 2
502 24
503 17
504 9
505 39
506 25
507 13
508 43
509 30
510 35
511 14
512 41
513 49
514 19
515 40
516 33
517 4
518 4
519 50
520 40
521 39
522 48
523 48
524 37
525 49
526 39
527 16
528 8
529 35
530 32
531 46
532 49
533 48
534 35
535 40
536 1
537 45
538 15
539 16
540 9
541 2
542 30
543 47
544 11
545 18
546 9
547 33
548 47
549 43
550 26
551 43
552 17
553 11
554 50
555 2
556 30
557 11
558 5
559 45
560 42
561 41
562 34
563 33
564 4
565 40
566 18
567 26
568 40
569 7
570 27
571 35
572 34
573 36
574 46
575 45
576 49
577 32
578 25
579 36
580 6
581 10
582 2
583 50
584 44
585 15
586 3
587 45
588 23
589 22
590 12
591 26
592 43
593 35
594 32
595 21
596 4
597 18
598 8
599 15
600 34
601 13
602 28
603 47
604 21
605 25
606 30
607 39
608 2
609 10
610 45
611 45
612 32
613 28
614 17
615 18
616 13
617 46
618 10
619 22
620 29
621 37
622 7
623 47
624 34
625 24
626 15
627 34
628 39
629 42
630 3
631 12
632 11
633 1
634 22
635 44
636 28
637 21
638 40
639 30
640 30
641 8
642 36
643 16
644 5
645 44
646 50
647 21
648 9
649 33
650 43
651 34
652 25
653 24
654 19
655 38
656 20
657 44
658 26
659 19
660 31
661 43
662 46
663 37
664 32
665 41
666 1
667 45
668 3
669 39
670 19
671 26
672 42
673 11
674 40
675 47
676 29
677 27
678 1
679 4
680 24
681 45
682 9
683 47
684 5
685 18
686 11
687 28
688 7
689 8
690 14
691 5
692 7
693 46
694 2
695 24
696 43
697 15
698 7
699 34
700 39
701 10
702 18
703 29
704 14
705 7
706 2
707 26
708 3
709 8
710 22
711 27
712 14
713 20
714 19
715 13
716 49
717 21
718 43
719 18
720 30
721 11
722 47
723 23
724 38
725 36
726 25
727 2
728 6
729 18
730 16
731 24
732 34
733 29
734 16
735 42
736 23
737 33
738 24
739 20
740 6
741 24
742 38
743 24
744 14
745 40
746 44
747 10
748 27
749 31
750 3
751 32
752 48
753 8
754 13
755 14
756 13
757 29
758 36
759 49
760 20
761 31
762 18
763 15
764 44
765 19
766 8
767 3
768 44
769 13
770 32
771 18
772 8
773 19
774 28
775 11
776 25
777 1
778 33
779 36
780 15
781 40
782 46
783 25
784 27
785 40
786 35
787 8
788 32
789 24
790 12
791 48
792 42
793 9
794 21
795 15
796 9
797 20
798 31
799 44
800 37
801 14
802 24
803 44
804 32
805 3
806 11
807 29
808 16
809 9
810 37
811 38
812 11
813 1
814 2
815 5
816 16
817 13
818 23
819 32
820 47
821 32
822 47
823 6
824 40
825 48
826 22
827 4
828 24
829 9
830 44
831 23
832 24
833 33
834 37
835 26
836 34
837 42
838 17
839 6
840 6
841 47
842 1
843 50
844 39
845 45
846 13
847 6
848 26
849 32
850 19
851 43
852 22
853 20
854 12
855 9
856 50
857 14
858 6
859 42
860 29
861 14
862 27
863 20
864 47
865 27
866 1
867 25
868 22
869 7
870 35
871 50
872 41
873 22
874 22
875 47
876 48
877 24
878 8
879 46
880 9
881 30
882 30
883 15
884 16
885 42
886 22
887 25
888 18
889 14
890 23
891 50
892 26
893 41
894 43
895 11
896 30
897 45
898 44
899 44
900 28
901 20
902 38
903 25
904 16
905 4
906 23
907 38
908 2
909 42
910 26
911 14
912 31
913 45
914 46
915 34
916 14
917 9
918 14
919 50
920 47
921 44
922 9
923 6
924 33
925 3
926 4
927 33
928 45
929 1
930 36
931 13
932 2
933 39
934 24
935 12
936 19
937 19
938 19
939 25
940 30
941 8
942 38
943 40
944 49
945 12
946 36
947 50
948 9
949 4
950 42
951 22
952 10
953 38
954 16
955 23
956 14
957 3
958 18
959 50
960 30
961 13
962 25
963 20
964 31
965 18
966 9
967 34
968 34
969 9
970 7
971 8
972 48
973 26
974 30
975 41
976 15
977 39
978 49
979 10
980 38
981 24
982 48
983 13
984 3
985 5
986 8
987 8
988 14
989 1
990 11
991 36
992 1
993 40
994 4
995 41
996 29
997 28
998 20
999 36
